0.7876896262168884
0.5031611919403076
0.35836488008499146
0.27196675539016724
0.22467972338199615
0.1883130818605423
0.16225281357765198
0.14353801310062408
0.13134147226810455
0.12062070518732071
0.11133202165365219
0.10160796344280243
0.09789317846298218
0.09010173380374908
0.08652491867542267
0.08309605717658997
0.08107747882604599
0.07882415503263474
0.07692257314920425
0.07307787984609604
0.07055050134658813
0.06958343833684921
0.06728752702474594
0.06639841198921204
0.06522030383348465
0.06236450374126434
0.06325618177652359
0.062737837433815
0.0628473311662674
0.06153343990445137
0.056087058037519455
0.04878402501344681
0.04753760248422623
0.046186260879039764
0.04598493501543999
0.046072475612163544
0.04591288045048714
0.045710284262895584
0.04691086709499359
0.04707162454724312
0.04498245567083359
0.044474635273218155
0.04460843652486801
0.043758004903793335
0.04390686750411987
