0.7834811806678772
0.493469774723053
0.35086604952812195
0.2709658443927765
0.22381679713726044
0.1865892857313156
0.1610134243965149
0.1425279676914215
0.12865225970745087
0.11846126616001129
0.1109984815120697
0.10188420116901398
0.09800311177968979
0.09024589508771896
0.0864599272608757
0.08305686712265015
0.08140169829130173
0.07950979471206665
0.07637680321931839
0.07245060801506042
0.07024167478084564
0.06978503614664078
0.06820476800203323
0.06700530648231506
0.06502395123243332
0.0620245523750782
0.06302042305469513
0.062288589775562286
0.06245158985257149
0.06173020601272583
0.0559995137155056
0.04882623627781868
0.047477465122938156
0.04623902589082718
0.04591397941112518
0.04591689631342888
0.04586613178253174
0.0456872284412384
0.04684220626950264
0.04699078947305679
0.04480714350938797
0.04449909180402756
0.044463906437158585
0.043805353343486786
0.043850552290678024
