0.7813387513160706
0.4916583299636841
0.3510521650314331
0.2693237066268921
0.2198777198791504
0.18585313856601715
0.16126210987567902
0.1436685174703598
0.13051334023475647
0.12050770223140717
0.1129009947180748
0.10222773998975754
0.09774725139141083
0.09030117094516754
0.0866069421172142
0.08247096091508865
0.08015558868646622
0.07816899567842484
0.07626993209123611
0.07243707031011581
0.0703306794166565
0.06970378011465073
0.06763402372598648
0.06622836738824844
0.0649493858218193
0.062119852751493454
0.06313351541757584
0.06263753771781921
0.062375396490097046
0.06182477995753288
0.05611979216337204
0.048983484506607056
0.04755222424864769
0.04620197415351868
0.04592922702431679
0.04604119062423706
0.04592999443411827
0.045788709074258804
0.046955835074186325
0.04710887745022774
0.045022234320640564
0.044543344527482986
0.0445614792406559
0.043835680931806564
0.04385586082935333
