0.6542496085166931
0.40878573060035706
0.2944019138813019
0.23629143834114075
0.19828541576862335
0.16982899606227875
0.1511627733707428
0.13711127638816833
0.12512589991092682
0.11734772473573685
0.10886906832456589
0.09982887655496597
0.09557126462459564
0.08843492716550827
0.08634688705205917
0.082081139087677
0.0800527036190033
0.07784527540206909
0.07531534135341644
0.07164285331964493
0.06937841325998306
0.06844189018011093
0.06668410450220108
0.06549269706010818
0.0639810562133789
0.06138765439391136
0.06267110258340836
0.06155899912118912
0.061744339764118195
0.06089846417307854
0.0555817186832428
0.04860096797347069
0.047109078615903854
0.04594780504703522
0.04566507786512375
0.04570172727108002
0.04567364230751991
0.045462094247341156
0.046665970236063004
0.046746376901865005
0.04455716535449028
0.0442868135869503
0.04430015757679939
0.043515753000974655
0.04359567165374756
