0.7865033149719238
0.489065557718277
0.3514644205570221
0.269665390253067
0.22135567665100098
0.18546096980571747
0.16111475229263306
0.1426929533481598
0.13032391667366028
0.12055012583732605
0.11178621649742126
0.10222093015909195
0.09765029698610306
0.09032203257083893
0.08687496185302734
0.0822887197136879
0.08026327192783356
0.07842420041561127
0.07641607522964478
0.07291866093873978
0.07067045569419861
0.06957665085792542
0.06776555627584457
0.06616535037755966
0.06526219099760056
0.06237543374300003
0.0633988231420517
0.06307617574930191
0.06264396011829376
0.06152607128024101
0.056094374507665634
0.04875003546476364
0.047444168478250504
0.046172186732292175
0.045921485871076584
0.04608830809593201
0.04591593146324158
0.04575587436556816
0.04689820483326912
0.04703124612569809
0.04506790637969971
0.044406965374946594
0.04454626515507698
0.04372689127922058
0.0438838005065918
